
Targets1_x = [18.965607893471418,19.21650298150271,18.631155264487525,19.188024233968687,18.893205196371632,18.552968006636338,18.365125901192986,18.944777956113768,19.22212507128862,18.742792601672654,17.791140166855612,18.05196215507624,19.321704999950448,18.565173433900636,18.342239464871874,18.796140712182762,17.71342630673842,18.0606168808046,17.90943485088963,18.191826870172896,17.860007488767963,17.452426958265796,18.916950403627737,17.565055321716407,18.551607370580363,17.92156626878343,19.159753062321666,17.230587803446017,18.30753253742546,18.678527001769737,18.023187807122227,17.78998666962464,17.101730350523177,17.273727865571292,17.532981641848945,18.85842469661672,18.44343227333618,18.55967045840673,18.052658017983735,17.677861482481017,17.17289065173499,18.278802420268942,18.736032341004275,17.27001469306986,17.8518414871221,17.662579188476776,16.913045237555348,17.238133262740895,17.04410720818265,18.427292082520953,17.788344885373167,17.325951820361425,17.826780311669523,16.848808979163426,18.026679825636172,17.36039292596085,17.019460310380065,17.320966473399007,17.008054096904758,17.649797449658994,17.385661677300426,]
Targets1_y = [18.283900061714387,17.90947357306417,18.27388426286806,17.631327681162336,17.86640752030939,17.928069651206357,18.099637999317977,17.43770101496758,17.10360354354969,17.574177499493793,18.375845632424344,18.03617073908004,16.76364750200989,17.35614041583245,17.541852012941835,17.01829999334012,18.07675112593486,17.718583505329867,17.803990406420933,17.249621992126233,17.575079627102276,17.94534888702806,16.46786677965835,17.759223012268684,16.73544946560936,17.338150427816746,16.08854340564071,18.012322180942437,16.762434010570903,16.372236940895952,16.972896293426373,17.128072644038273,17.768513606696526,17.58293513904164,17.315278443720132,15.983593193877471,16.340532870818983,16.057090705186237,16.55513749311238,16.834688688929692,17.30743738400526,16.11930024318769,15.659673992271404,17.103085040894186,16.466786417673866,16.498194450268834,17.214322552653822,16.86710263707665,16.95753955298963,15.541394197523887,16.09669451800007,16.46254029029243,15.883362070167648,16.69563763984652,15.352043000221562,15.930599803871356,16.263809599905265,15.63035136308889,15.931871978332332,15.236751610618995,15.249385767757781,]
Targets2_x = [17.124955417606216,16.963501385560214,17.27257022405327,17.87808533002896,17.547780603548567,18.182703313934166,17.4330193895317,17.873278491320765,17.754656725497895,17.026307823901092,17.364996054825014,16.903361375077335,18.478392551895052,17.44079907280907,17.622822085882767,18.19868175040274,17.940355539125257,19.142957185352046,17.22467877594803,18.981683398430278,17.62659702125476,18.41832463946186,18.646977384771205,17.321501387770354,18.18939702033807,17.986093057995983,18.930138680411897,18.58290021830453,17.871372399132063,18.286192595391757,18.976263726299713,17.947247515165813,18.666920013992215,18.28104779707564,]
Targets2_y = [
17.294955138238578,17.963132486455763,17.70542812085686,17.126555056614755,17.464607923475775,17.076118846110372,17.980552883918154,17.667997502251875,17.837073503091545,18.56809784480256,18.30196491347907,18.82600048003811,17.465599271659027,18.619300097084906,18.496822285584138,17.960218221551955,18.234896877930783,17.0475313570157,18.982854955268778,17.54650653280625,18.924062277089494,18.26078639627072,18.045296957344473,19.42288424452445,18.734309148147585,18.97943600401713,18.282481909324837,18.633206914605434,19.45731047566352,19.19971876326726,18.663236364693923,19.706964790298702,19.17897404324344,20.05841528220431,]
center1_x = [18.117012953605656,18.117012953605656]
center1_y = [16.1783882465897,19.1783882465897]
image_corners1_x = [16.672106391224386,17.032110230929362,19.561919515986926,19.20191567628195,]
image_corners1_y = [18.3067562824005,13.845859243082321,14.050020210778905,18.51091725009708,]
image_corners2_x = [16.845612918638007,16.850380402173812,19.388412988573307,19.3836455050375,]
image_corners2_y = [21.41473513850022,16.93933767781578,16.942041354679183,21.417438815363624,]